<TICKER>,<DTYYYYMMDD>,<OPEN>,<HIGH>,<LOW>,<CLOSE>,<VOL>
TVC,20140923,16.20,16.20,16.20,16.20,12000
TVC,20140924,17.80,17.80,17.80,17.80,19500
TVC,20140925,19.50,19.50,19.50,19.50,34500
TVC,20140926,21.40,21.40,21.40,21.40,14300
TVC,20140929,23.50,23.50,23.40,23.40,418200
TVC,20140930,25.70,25.70,25.60,25.70,456200
TVC,20141001,28.20,28.20,28.20,28.20,643400
TVC,20141002,25.40,28.20,25.40,26.20,770300
TVC,20141003,26.20,26.40,24.50,25.00,355900
TVC,20141006,25.10,25.90,24.60,25.60,284600
TVC,20141007,27.40,27.40,25.40,25.70,228200
TVC,20141008,23.20,25.90,23.20,24.40,145700
TVC,20141009,25.00,25.30,24.00,24.30,160200
TVC,20141010,24.80,24.80,23.50,23.50,246000
TVC,20141013,23.60,25.80,23.50,25.80,307300
TVC,20141014,25.90,28.30,25.90,28.30,718050
TVC,20141015,29.00,29.50,28.40,29.50,265550
TVC,20141016,29.00,29.00,28.20,28.40,117000
TVC,20141017,28.30,29.00,27.90,28.70,386200
TVC,20141020,28.70,29.00,28.40,28.80,259500
TVC,20141021,28.90,29.00,28.50,29.00,186900
TVC,20141022,28.80,31.00,28.80,29.70,296400
TVC,20141023,26.80,30.90,26.80,29.90,284800
TVC,20141024,30.30,32.80,29.90,30.40,140900
TVC,20141027,30.20,30.70,30.20,30.60,211200
TVC,20141028,31.00,31.40,30.40,31.00,222400
TVC,20141029,31.50,32.00,30.80,32.00,335700
TVC,20141030,33.00,34.40,32.10,34.40,366700
TVC,20141031,34.00,37.80,31.80,36.80,954500
TVC,20141103,35.00,37.00,33.20,33.80,486600
TVC,20141104,33.70,35.00,32.50,33.30,234800
TVC,20141105,33.20,33.60,32.60,33.60,95800
TVC,20141106,33.40,33.90,33.30,33.60,128400
TVC,20141107,33.50,33.90,33.30,33.70,214700
TVC,20141110,33.40,34.60,33.20,33.50,245900
TVC,20141111,33.40,33.90,33.30,33.60,298100
TVC,20141112,33.80,34.00,33.30,33.80,55900
TVC,20141113,33.80,33.80,33.50,33.60,78400
TVC,20141114,33.70,33.70,33.50,33.60,67500
TVC,20141117,33.80,34.00,33.70,33.80,84500
TVC,20141118,33.90,34.50,33.80,34.00,237600
TVC,20141119,34.10,34.50,34.00,34.30,195800
TVC,20141120,34.40,35.00,34.30,34.60,204500
TVC,20141121,34.70,35.00,34.50,34.60,115100
TVC,20141124,34.90,35.00,34.60,35.00,100400
TVC,20141125,35.20,35.40,34.90,35.00,101100
TVC,20141126,35.20,35.40,34.80,35.40,490500
TVC,20141127,35.50,37.00,35.00,36.00,545800
TVC,20141128,36.00,37.70,35.60,36.50,448300
TVC,20141201,36.90,38.00,35.50,36.10,326700
TVC,20141202,36.10,36.10,34.50,34.60,276400
TVC,20141203,34.50,34.90,34.10,34.40,71600
TVC,20141204,34.30,35.00,34.10,34.60,147700
TVC,20141205,34.70,35.10,34.30,34.40,134200
TVC,20141208,35.00,35.00,33.50,33.50,84400
TVC,20141210,31.00,31.00,30.10,30.70,182000
TVC,20141211,31.30,31.30,30.10,30.50,185600
TVC,20141212,30.30,30.90,29.00,30.80,119200
TVC,20141215,31.00,31.50,30.80,31.00,87800
TVC,20141216,31.80,31.80,30.90,31.10,41100
TVC,20141217,31.30,31.30,29.00,30.50,120100
TVC,20141218,30.40,30.80,29.80,30.60,67700
TVC,20141219,31.00,31.50,29.00,30.50,64800
TVC,20141222,30.50,30.70,29.30,30.40,83900
TVC,20141223,30.30,30.30,29.00,30.20,107300
TVC,20141224,30.00,30.10,27.30,28.10,339800
TVC,20141225,28.80,29.00,27.50,28.30,86200
TVC,20141226,28.20,28.20,25.50,25.70,133700
TVC,20141229,25.90,25.90,23.70,24.20,175200
TVC,20141230,25.50,25.50,23.10,24.80,102700
TVC,20141231,24.80,27.20,24.80,26.60,375700
TVC,20150105,27.00,27.20,25.70,26.50,172500
TVC,20150106,26.30,26.30,25.00,26.00,328600
TVC,20150107,25.90,28.00,25.80,26.20,315000
TVC,20150108,26.50,27.00,26.00,26.30,148000
TVC,20150109,25.40,27.50,25.20,26.60,311000
TVC,20150112,25.90,28.00,25.50,26.20,132000
TVC,20150113,23.60,26.50,23.60,25.90,170000
TVC,20150114,25.00,26.70,24.90,25.80,87800
TVC,20150115,26.00,26.80,25.90,26.80,80400
TVC,20150116,24.20,28.90,24.20,27.40,224400
TVC,20150119,24.70,29.00,24.70,27.50,108900
TVC,20150120,25.00,28.00,25.00,27.50,86200
TVC,20150121,26.00,27.80,26.00,27.30,46000
TVC,20150122,24.60,27.50,24.60,27.30,41600
TVC,20150123,24.60,27.40,24.60,27.30,114400
TVC,20150126,25.50,28.00,25.50,27.60,126700
TVC,20150127,27.30,27.40,26.30,26.50,106000
TVC,20150128,26.50,27.00,26.40,26.70,95100
TVC,20150129,26.70,26.70,26.20,26.40,105200
TVC,20150130,26.60,26.80,26.20,26.20,107100
TVC,20150202,26.30,26.60,26.20,26.30,40700
TVC,20150203,26.30,26.50,26.30,26.30,43400
TVC,20150204,26.20,26.40,26.20,26.20,39700
TVC,20150205,26.30,26.40,26.20,26.30,55600
TVC,20150206,26.60,27.20,26.40,26.40,143100
TVC,20150209,23.80,27.00,23.80,26.40,124000
TVC,20150210,26.60,26.60,26.20,26.20,99200
TVC,20150211,26.60,26.60,26.10,26.20,106800
TVC,20150212,26.30,26.40,26.20,26.20,124200
TVC,20150213,26.40,26.90,26.20,26.20,46800
TVC,20150224,26.20,26.50,26.10,26.40,46000
TVC,20150225,26.40,26.40,26.20,26.30,59200
TVC,20150226,26.20,26.60,26.10,26.20,88600
TVC,20150227,26.20,26.60,26.10,26.30,81900
TVC,20150302,26.30,26.40,26.10,26.30,109400
TVC,20150303,26.20,26.20,26.10,26.20,151000
TVC,20150304,23.60,26.80,23.60,26.30,156000
TVC,20150305,26.60,26.60,25.60,26.50,144600
TVC,20150306,26.20,26.50,26.10,26.20,123400
TVC,20150309,26.00,26.80,26.00,26.10,141800
TVC,20150310,26.10,26.30,26.00,26.10,147000
TVC,20150311,26.10,26.20,25.90,26.10,116200
TVC,20150312,26.10,26.10,25.90,26.10,132400
TVC,20150313,26.50,26.50,26.00,26.10,138100
TVC,20150316,26.40,26.40,26.00,26.10,138000
TVC,20150317,26.20,26.20,25.90,26.10,129300
TVC,20150318,26.10,26.10,25.50,25.50,196900
TVC,20150319,25.50,25.80,25.50,25.50,223400
TVC,20150320,25.80,26.40,25.80,26.00,203500
TVC,20150323,26.40,26.80,26.30,26.80,159800
TVC,20150324,25.50,26.80,25.50,26.50,209800
TVC,20150325,26.50,29.10,26.30,27.40,263500
TVC,20150326,26.50,29.50,26.50,27.20,249700
TVC,20150327,26.80,27.80,26.80,27.40,139900
TVC,20150330,26.80,27.60,26.80,27.40,181300
TVC,20150331,27.40,27.60,27.00,27.10,221300
TVC,20150401,27.20,27.30,25.80,26.10,164000
TVC,20150402,26.20,26.30,25.60,25.80,157100
TVC,20150403,26.00,26.20,25.90,26.20,110900
TVC,20150406,26.10,26.10,25.90,25.90,156800
TVC,20150407,25.90,26.00,25.50,25.90,161800
TVC,20150408,26.00,26.20,25.80,25.80,176400
TVC,20150409,26.00,26.50,25.80,25.80,126700
TVC,20150410,26.00,26.30,25.50,25.60,150100
TVC,20150413,25.80,26.00,25.70,25.70,136400
TVC,20150414,25.90,25.90,25.50,25.80,138300
TVC,20150415,25.80,25.80,25.50,25.60,122700
TVC,20150416,25.80,26.20,25.70,26.10,167200
TVC,20150417,26.10,26.30,25.80,26.10,145100
TVC,20150420,26.00,26.00,25.80,25.90,175000
TVC,20150421,26.00,26.10,25.80,25.80,125300
TVC,20150422,25.90,26.20,25.60,25.80,150800
TVC,20150423,25.90,26.10,25.50,25.70,152900
TVC,20150424,25.80,26.60,25.60,26.40,116100
TVC,20150427,26.60,27.00,26.50,26.80,91800
TVC,20150504,26.00,27.60,26.00,26.90,78700
TVC,20150505,26.50,27.00,26.50,26.90,111600
TVC,20150506,26.90,27.00,26.50,26.50,113000
TVC,20150507,26.50,26.70,26.30,26.40,108700
TVC,20150508,26.40,26.80,26.20,26.80,104700
TVC,20150511,26.70,26.80,26.60,26.70,100200
TVC,20150512,26.70,26.90,26.20,26.30,105900
TVC,20150513,26.30,26.30,26.10,26.20,90400
TVC,20150514,26.20,26.30,26.10,26.10,93400
TVC,20150515,26.10,26.20,26.00,26.00,88200
TVC,20150518,26.10,26.30,25.50,25.70,83600
TVC,20150519,25.70,25.80,25.60,25.70,72400
TVC,20150520,25.70,26.20,25.70,26.20,86700
TVC,20150521,26.20,26.60,26.20,26.50,96200
TVC,20150522,26.50,26.70,26.20,26.30,101400
TVC,20150525,26.30,26.50,26.20,26.30,106200
TVC,20150526,26.20,26.30,26.10,26.10,102600
TVC,20150527,26.10,28.60,26.10,26.40,124600
TVC,20150528,26.50,27.00,26.40,26.80,111200
TVC,20150529,26.70,27.10,26.30,26.40,102400
TVC,20150601,26.30,27.00,26.00,26.00,96300
TVC,20150602,26.00,26.60,25.00,25.00,150600
TVC,20150603,17.90,18.80,17.90,18.20,138500
TVC,20150604,18.20,18.70,17.90,17.90,108500
TVC,20150605,17.70,18.00,17.50,18.00,60000
TVC,20150608,18.00,18.50,17.40,17.50,118800
TVC,20150609,17.50,17.70,17.40,17.50,85600
TVC,20150610,17.50,17.90,17.40,17.50,86900
TVC,20150611,17.50,17.80,17.20,17.40,96900
TVC,20150612,17.50,17.70,17.40,17.60,93000
TVC,20150615,17.60,17.90,17.40,17.60,99600
TVC,20150616,17.70,17.70,17.40,17.50,99000
TVC,20150617,17.50,17.70,17.40,17.40,98500
TVC,20150618,17.50,17.70,17.30,17.60,106000
TVC,20150619,17.40,17.40,17.00,17.20,105300
TVC,20150622,17.30,17.30,17.00,17.00,104500
TVC,20150623,17.00,17.10,16.90,17.00,106700
TVC,20150624,17.00,17.30,16.80,17.00,110100
TVC,20150625,17.00,17.10,16.90,17.00,102600
TVC,20150626,17.00,17.30,16.80,16.80,100700
TVC,20150629,16.80,16.80,16.50,16.50,71200
TVC,20150630,16.40,16.60,16.30,16.40,88000
TVC,20150701,16.40,16.70,16.20,16.20,80500
TVC,20150702,16.20,16.30,16.20,16.30,77300
TVC,20150703,16.20,16.30,16.00,16.10,60100
TVC,20150706,16.10,16.20,15.70,16.10,77100
TVC,20150707,16.20,16.30,16.10,16.20,106300
TVC,20150708,16.30,16.40,16.20,16.30,100400
TVC,20150709,16.40,16.50,16.10,16.20,105700
TVC,20150710,16.30,16.30,16.20,16.20,87600
TVC,20150713,16.30,16.30,16.10,16.30,107700
TVC,20150714,16.30,16.30,16.20,16.30,131500
TVC,20150715,16.30,16.40,16.20,16.30,113500
TVC,20150716,16.30,16.30,16.10,16.10,91400
TVC,20150717,16.10,16.10,16.00,16.10,111700
TVC,20150720,16.00,16.00,15.80,16.00,126800
TVC,20150721,16.10,16.10,15.90,16.00,103700
TVC,20150722,15.90,16.00,15.90,16.00,103900
TVC,20150723,16.00,16.10,15.90,16.00,102100
TVC,20150724,15.90,15.90,15.40,15.40,170600
TVC,20150727,15.30,15.30,14.80,14.90,210900
TVC,20150728,14.90,15.00,14.80,14.80,201900
TVC,20150729,14.80,14.90,14.70,14.70,190900
TVC,20150730,14.70,14.70,14.30,14.30,228400
TVC,20150731,14.20,14.30,14.10,14.20,200500
TVC,20150803,14.20,14.20,13.80,14.00,222200
TVC,20150804,14.00,14.00,13.90,14.00,248300
TVC,20150805,14.00,14.00,13.70,14.00,258500
TVC,20150806,14.00,14.00,13.80,13.90,288500
TVC,20150807,14.00,14.00,13.80,13.90,263000
TVC,20150810,13.90,14.00,13.80,14.00,233500
TVC,20150811,14.00,14.00,13.80,13.90,239800
TVC,20150812,13.90,13.90,13.70,13.90,236000
TVC,20150813,13.90,13.90,13.70,13.90,265300
TVC,20150814,13.90,13.90,13.60,13.70,214500
TVC,20150817,13.70,13.70,13.50,13.50,226700
TVC,20150818,13.50,13.60,13.20,13.20,190900
TVC,20150819,13.20,13.20,13.00,13.10,175100
TVC,20150820,13.10,13.10,12.90,13.10,257900
TVC,20150821,13.10,13.10,12.90,13.00,182200
TVC,20150824,12.90,13.00,12.40,12.60,151800
TVC,20150825,12.60,12.60,12.30,12.60,194700
TVC,20150826,12.60,13.00,12.60,13.00,202900
TVC,20150827,13.00,13.20,13.00,13.20,204400
TVC,20150828,13.10,13.30,13.00,13.30,201800
TVC,20150831,13.30,13.70,12.70,12.70,915400
TVC,20150901,12.30,13.70,12.30,12.90,723600
TVC,20150903,12.60,14.10,12.60,13.20,603900
TVC,20150904,12.90,13.60,12.90,13.40,249100
TVC,20150907,13.00,13.80,13.00,13.20,569900
TVC,20150908,13.20,13.60,13.20,13.50,199300
TVC,20150909,13.50,14.20,13.40,13.60,561900
TVC,20150910,13.60,13.60,13.30,13.30,220100
TVC,20150911,13.30,13.40,13.10,13.10,349600
TVC,20150914,13.10,13.20,13.00,13.20,289900
TVC,20150915,13.20,13.30,13.00,13.10,214100
TVC,20150916,13.10,13.10,12.50,12.70,342900
TVC,20150917,12.70,12.70,12.60,12.70,205400
TVC,20150918,12.70,13.10,12.70,12.90,219700
TVC,20150921,12.90,12.90,12.60,12.60,279900
TVC,20150922,12.60,12.80,12.20,12.50,291400
TVC,20150923,12.50,12.50,11.30,11.70,795300
TVC,20150924,11.70,12.10,11.40,11.40,223800
TVC,20150925,11.50,11.70,11.30,11.40,226900
TVC,20150928,11.40,11.50,11.00,11.00,227300
TVC,20150929,11.10,11.20,11.00,11.20,152800
TVC,20150930,11.20,11.40,11.10,11.10,198300
TVC,20151001,11.10,11.40,11.00,11.10,206300
TVC,20151002,11.10,11.40,11.00,11.20,206500
TVC,20151005,11.20,12.30,11.10,11.40,385300
TVC,20151006,11.40,12.30,11.40,11.80,369800
TVC,20151007,11.80,12.20,11.70,11.70,244900
TVC,20151008,11.70,12.10,11.70,11.90,296500
TVC,20151009,11.50,12.50,11.50,12.20,501900
TVC,20151012,12.00,12.90,12.00,12.80,291800
TVC,20151013,12.80,13.20,12.50,13.10,334900
TVC,20151014,13.10,13.20,12.90,12.90,277200
TVC,20151015,12.90,13.70,12.70,13.50,278900
TVC,20151016,13.70,14.50,13.70,14.40,485900
TVC,20151019,14.40,14.80,14.20,14.50,484900
TVC,20151020,14.40,14.80,14.20,14.50,504900
TVC,20151021,14.50,14.70,14.20,14.40,422000
TVC,20151022,14.40,14.50,14.20,14.40,449100
TVC,20151023,14.40,14.70,14.10,14.10,671800
TVC,20151026,14.10,14.40,14.10,14.40,207100
TVC,20151027,14.20,14.70,14.20,14.70,240500
TVC,20151028,14.70,15.00,14.60,14.90,245600
TVC,20151029,14.90,15.10,14.60,14.60,222700
TVC,20151030,14.60,14.90,14.40,14.40,318200
TVC,20151102,14.40,14.50,14.00,14.00,335800
TVC,20151103,14.10,14.70,14.00,14.10,314500
TVC,20151104,14.10,14.40,14.00,14.10,266600
TVC,20151105,14.00,14.30,14.00,14.10,237500
TVC,20151106,14.10,14.20,13.80,13.80,242100
TVC,20151109,13.80,14.10,13.60,13.60,271600
TVC,20151110,13.60,13.80,13.20,13.40,270400
TVC,20151111,13.40,13.50,13.10,13.30,202700
TVC,20151112,13.20,13.50,13.00,13.30,201700
TVC,20151113,13.20,13.70,13.20,13.60,372500
TVC,20151116,13.40,13.60,13.40,13.60,277100
TVC,20151117,13.40,14.00,13.40,13.70,268900
TVC,20151118,13.50,14.00,13.50,13.80,274900
TVC,20151119,13.50,14.10,13.50,13.90,265500
TVC,20151120,13.70,14.20,13.70,14.00,281300
TVC,20151123,13.80,14.20,13.70,13.80,221400
TVC,20151124,13.70,14.10,13.00,13.10,193000
TVC,20151125,13.00,13.20,11.80,12.80,315400
TVC,20151126,12.70,12.70,11.60,12.50,419000
TVC,20151127,12.50,12.80,11.70,12.30,279900
TVC,20151130,11.50,12.20,11.50,12.20,424600
TVC,20151201,12.20,13.40,11.90,13.40,520200
TVC,20151202,13.30,13.80,13.00,13.50,362900
TVC,20151203,13.40,13.70,13.40,13.60,237800
TVC,20151204,13.40,14.90,13.00,14.90,658200
TVC,20151207,15.40,15.70,14.10,15.40,380700
TVC,20151208,15.10,16.50,14.40,16.50,485100
TVC,20151209,16.50,17.00,15.50,15.50,497700
TVC,20151210,15.30,15.80,15.00,15.60,410700
TVC,20151211,15.40,16.00,15.20,15.80,458600
TVC,20151214,15.50,16.80,15.50,16.30,406900
TVC,20151215,16.40,17.90,16.10,17.90,604900
TVC,20151216,17.90,19.60,17.90,18.60,484800
TVC,20151217,18.50,19.40,18.20,18.80,403200
TVC,20151218,18.70,18.70,17.00,17.20,441500
TVC,20151221,17.00,18.00,16.90,17.50,358000
TVC,20151222,17.20,17.90,16.20,16.90,318200
TVC,20151223,16.50,16.80,16.10,16.80,303700
TVC,20151224,16.60,16.90,16.00,16.10,287700
TVC,20151225,16.00,17.00,16.00,16.50,333900
TVC,20151228,16.40,17.20,16.20,16.90,347800
TVC,20151229,16.80,17.30,15.90,17.30,326000
TVC,20151230,17.20,17.60,15.60,17.60,315800
TVC,20151231,17.40,17.60,16.60,17.10,252200
TVC,20160104,17.10,17.20,16.60,16.80,248900
TVC,20160105,16.60,16.70,16.10,16.40,261900
TVC,20160106,16.40,17.00,16.20,16.60,295500
TVC,20160107,16.40,16.80,16.30,16.80,318700
TVC,20160108,16.70,17.20,16.40,17.20,385000
TVC,20160111,17.10,17.60,16.90,17.60,458000
TVC,20160112,17.50,18.30,17.50,18.30,572800
TVC,20160113,18.30,18.60,18.10,18.30,400000
TVC,20160114,16.50,18.40,16.50,18.20,312300
TVC,20160115,18.10,18.20,17.70,18.20,321700
TVC,20160118,17.60,17.90,16.40,16.70,483200
TVC,20160119,16.50,17.20,16.00,16.40,367700
TVC,20160120,16.20,16.70,14.80,14.80,549900
TVC,20160121,14.50,14.80,13.60,14.10,334400
TVC,20160122,13.90,14.50,12.80,13.50,270000
TVC,20160125,13.30,13.30,12.50,12.50,389400
TVC,20160126,12.40,13.70,12.20,12.80,649900
TVC,20160127,12.50,13.30,12.00,12.10,565400
TVC,20160128,12.00,12.70,12.00,12.30,519600
TVC,20160129,12.30,12.80,12.10,12.40,579600
TVC,20160201,12.40,12.60,12.00,12.10,536700
TVC,20160202,12.10,12.50,11.50,12.00,592550
TVC,20160203,11.90,12.50,11.70,12.50,675600
TVC,20160204,12.40,13.00,12.30,13.00,697000
TVC,20160205,13.00,13.50,12.80,13.30,772700
TVC,20160215,13.20,13.50,12.80,13.20,709450
TVC,20160216,13.10,13.50,12.60,12.80,732000
TVC,20160217,12.90,13.20,12.50,12.80,698600
TVC,20160218,12.70,13.10,12.60,13.00,735100
TVC,20160219,12.80,13.60,12.80,13.60,812850
TVC,20160222,13.60,14.70,13.40,14.60,1254100
TVC,20160223,14.60,15.30,14.40,15.30,1075400
TVC,20160224,15.40,16.80,14.90,16.80,1482250
TVC,20160225,17.50,17.50,15.40,16.00,1200900
TVC,20160226,15.80,15.80,15.20,15.20,983300
TVC,20160229,15.20,15.80,14.90,15.80,1507550
TVC,20160301,16.00,16.80,15.50,16.80,1624300
TVC,20160302,16.60,17.40,16.30,16.90,1584300
TVC,20160303,16.50,16.50,15.30,15.30,1035110
TVC,20160304,15.30,15.50,14.60,15.10,1000400
TVC,20160307,14.70,15.30,13.80,13.80,1075900
TVC,20160308,13.70,14.20,13.40,14.10,1132800
TVC,20160309,14.00,14.20,13.50,14.10,1064900
TVC,20160310,14.00,14.00,13.40,13.90,1346700
TVC,20160311,13.80,13.90,13.20,13.30,984200
TVC,20160314,13.30,13.70,13.00,13.50,1143600
TVC,20160315,13.40,13.60,12.60,13.10,1524400
TVC,20160316,13.00,13.00,12.60,12.60,1115100
TVC,20160317,12.60,12.90,12.60,12.60,1011100
TVC,20160318,12.60,12.80,12.30,12.40,962000
TVC,20160321,12.30,12.70,11.60,11.60,1140200
TVC,20160322,11.60,12.00,11.40,11.90,957800
TVC,20160323,11.80,12.30,11.60,12.30,1038000
TVC,20160324,12.30,12.40,11.80,12.20,1051000
TVC,20160325,12.10,12.20,11.40,12.10,1963800
TVC,20160328,12.10,12.40,11.80,12.40,1055900
TVC,20160329,12.50,12.80,12.30,12.50,1094800
TVC,20160330,12.50,12.50,12.10,12.30,1527900
TVC,20160331,12.40,12.80,12.20,12.70,1380000
TVC,20160401,12.70,13.10,12.50,12.70,1053900
TVC,20160404,12.70,12.80,12.20,12.60,1196300
TVC,20160405,12.50,12.80,12.30,12.80,1046800
TVC,20160406,12.80,12.90,12.60,12.80,1253500
TVC,20160407,12.50,13.10,12.40,13.10,1628900
TVC,20160408,13.10,13.40,12.80,13.30,1335000
TVC,20160411,13.30,13.40,12.70,13.10,1579700
TVC,20160412,13.00,13.20,12.60,12.80,1315200
TVC,20160413,12.80,13.80,12.80,13.80,3043300
TVC,20160414,13.80,14.40,13.40,14.40,2091300
TVC,20160415,14.30,14.60,14.10,14.10,1629900
TVC,20160419,13.90,14.30,13.40,13.40,1810900
TVC,20160420,13.50,13.80,13.50,13.60,1592800
TVC,20160421,13.60,13.90,13.50,13.60,1211100
TVC,20160422,13.60,14.60,13.30,14.60,1912700
TVC,20160425,14.60,15.60,14.00,15.20,3615000
TVC,20160426,15.20,15.40,15.10,15.10,1696900
TVC,20160427,15.10,15.20,14.90,15.20,1213100
TVC,20160428,15.00,15.40,15.00,15.30,1219300
TVC,20160429,15.20,15.70,15.00,15.70,1417800
TVC,20160504,15.60,15.80,15.20,15.30,1229900
TVC,20160505,15.20,15.60,15.20,15.40,1174300
TVC,20160506,15.30,15.90,15.00,15.90,2521200
TVC,20160509,15.90,16.10,15.60,15.60,762000
TVC,20160510,15.50,15.60,15.30,15.50,996000
TVC,20160511,15.40,15.60,15.20,15.40,1959300
TVC,20160512,15.50,16.50,15.50,16.20,2034800
TVC,20160513,16.30,16.50,15.60,16.30,2057050
TVC,20160516,16.20,16.60,15.60,16.00,1811800
TVC,20160517,16.10,16.30,15.50,16.10,1224600
TVC,20160518,16.00,16.20,15.40,16.10,2491200
TVC,20160519,16.00,16.20,14.90,15.40,2338600
TVC,20160520,15.30,15.30,13.90,14.00,2657030
TVC,20160523,14.00,14.30,13.80,14.10,874400
TVC,20160524,14.00,14.30,13.70,13.70,807800
TVC,20160525,13.90,14.30,13.80,14.00,1683500
TVC,20160526,13.90,14.20,13.70,13.70,876200
TVC,20160527,13.70,13.80,12.90,12.90,1180800
TVC,20160530,12.90,13.20,12.80,13.20,897450
TVC,20160531,13.10,13.40,12.90,13.10,762900
TVC,20160601,13.10,13.10,12.80,13.00,766100
TVC,20160602,12.90,13.00,12.70,12.80,548200
TVC,20160603,12.80,13.50,12.50,13.00,1337830
TVC,20160606,12.90,13.30,12.80,12.90,876120
TVC,20160607,12.90,13.20,12.80,12.90,569600
TVC,20160608,12.80,12.90,12.70,12.90,497100
TVC,20160609,12.80,12.90,12.70,12.70,483000
TVC,20160610,12.90,12.90,12.40,12.80,647500
TVC,20160613,12.80,12.80,12.50,12.60,320550
TVC,20160614,12.60,12.70,12.50,12.70,370400
TVC,20160615,12.60,12.90,12.50,12.80,486800
TVC,20160616,13.00,13.10,12.80,13.00,449100
TVC,20160617,13.00,13.30,12.90,13.30,710300
TVC,20160620,13.20,13.50,13.00,13.30,857000
TVC,20160621,13.30,13.30,12.90,13.10,836300
TVC,20160622,13.10,13.30,12.90,13.10,436200
TVC,20160623,13.00,13.20,12.60,12.60,355700
TVC,20160624,12.70,12.80,11.40,12.00,563350
TVC,20160628,11.80,11.80,11.30,11.50,383900
TVC,20160629,11.60,11.80,11.50,11.70,425400
TVC,20160630,11.60,11.90,11.60,11.70,336200
TVC,20160701,11.60,11.80,11.60,11.60,347800
TVC,20160704,11.60,11.70,11.40,11.60,362600
TVC,20160705,11.50,11.80,11.50,11.80,423100
TVC,20160706,11.60,11.80,11.30,11.70,838900
TVC,20160707,11.60,12.00,11.50,12.00,641500
TVC,20160708,11.80,12.00,11.60,12.00,526900
TVC,20160711,11.90,12.00,11.50,11.70,453000
TVC,20160712,11.60,11.70,11.30,11.70,428100
TVC,20160713,11.70,11.80,11.40,11.60,489600
TVC,20160714,11.60,11.90,11.40,11.90,557500
TVC,20160715,11.70,12.40,11.60,12.30,846200
TVC,20160718,12.20,12.40,12.20,12.40,607100
TVC,20160719,12.30,12.50,12.10,12.30,631600
TVC,20160720,12.30,12.30,11.90,12.20,585700
TVC,20160721,12.10,12.30,11.90,12.30,555200
TVC,20160722,12.20,12.40,12.00,12.40,570400
TVC,20160725,12.40,13.00,12.40,12.90,867400
TVC,20160726,12.90,12.90,12.40,12.80,616200
TVC,20160727,12.70,12.80,12.40,12.60,601000
TVC,20160728,12.50,12.60,12.30,12.60,544400
TVC,20160729,12.50,12.80,12.30,12.70,659900
TVC,20160801,12.80,12.80,12.50,12.70,319100
TVC,20160802,12.60,12.60,12.30,12.50,285200
TVC,20160803,12.50,12.60,12.30,12.60,304500
TVC,20160804,12.50,12.70,12.50,12.70,492000
TVC,20160805,12.60,12.80,12.50,12.80,337900
TVC,20160808,12.80,13.80,12.70,13.50,825100
TVC,20160809,13.60,13.70,13.10,13.50,1025500
TVC,20160810,13.40,13.50,13.10,13.20,901700
TVC,20160811,13.20,13.40,13.00,13.30,771700
TVC,20160812,13.30,13.40,12.90,13.10,728700
TVC,20160815,13.00,13.30,13.00,13.30,565600
TVC,20160816,13.30,13.50,12.90,13.20,642800
TVC,20160817,12.90,13.10,11.90,12.60,640400
TVC,20160818,12.80,13.10,12.60,12.90,905000
TVC,20160819,12.90,13.20,12.80,13.00,556100
TVC,20160822,12.90,12.90,12.50,12.60,375400
TVC,20160823,12.60,12.70,12.40,12.70,363900
TVC,20160824,12.70,12.90,12.40,12.40,286200
TVC,20160825,12.30,12.30,11.90,12.20,875200
TVC,20160826,11.80,12.60,11.70,12.60,1099100
TVC,20160829,12.60,13.50,12.60,13.10,1012400
TVC,20160830,13.10,13.10,12.70,13.00,910800
TVC,20160831,13.00,13.40,12.30,12.70,793800
TVC,20160901,12.60,12.60,12.00,12.00,417700
TVC,20160905,12.10,12.20,12.00,12.10,398400
TVC,20160906,12.10,12.30,12.10,12.20,424600
TVC,20160907,12.10,12.20,11.80,12.10,513400
TVC,20160908,12.10,12.70,11.70,12.60,1032700
TVC,20160909,12.50,12.90,12.40,12.80,729250
TVC,20160912,12.70,12.90,12.30,12.30,605200
TVC,20160913,12.30,12.60,12.00,12.40,474900
TVC,20160914,12.30,12.30,12.00,12.10,447100
TVC,20160915,12.10,12.20,12.00,12.10,305400
TVC,20160916,12.00,12.10,12.00,12.00,277100
TVC,20160919,12.00,12.10,11.90,12.00,328000
TVC,20160920,12.00,12.00,11.20,11.80,879800
TVC,20160921,11.80,12.00,11.20,11.30,693400
TVC,20160922,11.30,11.80,11.20,11.50,578200
TVC,20160923,11.50,11.70,11.30,11.50,381800
TVC,20160926,11.50,11.50,11.30,11.50,366100
TVC,20160927,11.60,11.80,11.10,11.60,610400
TVC,20160928,11.60,11.60,11.30,11.50,328900
TVC,20160929,11.50,11.60,11.40,11.60,364700
TVC,20160930,11.50,11.70,11.40,11.70,375100
TVC,20161003,11.60,11.90,11.50,11.80,458500
TVC,20161004,11.70,12.00,11.30,11.90,788300
TVC,20161005,11.90,12.00,11.50,11.80,496700
TVC,20161006,11.80,12.30,11.80,12.10,651100
TVC,20161007,12.10,12.40,12.00,12.20,565600
TVC,20161010,12.10,12.40,12.00,12.20,555900
TVC,20161011,12.10,12.20,12.00,12.00,301600
TVC,20161012,12.00,12.20,12.00,12.10,395100
TVC,20161013,12.00,12.10,11.90,12.10,393300
TVC,20161014,12.10,12.20,11.80,12.10,514700
TVC,20161017,12.00,12.50,12.00,12.50,461300
TVC,20161018,12.50,12.90,12.50,12.70,509100
TVC,20161019,12.60,12.60,12.30,12.30,418500
TVC,20161020,12.30,12.70,12.30,12.50,479500
TVC,20161021,12.50,12.70,12.40,12.40,347500
TVC,20161024,12.40,12.50,12.30,12.50,359800
TVC,20161025,12.40,12.40,12.20,12.40,246500
TVC,20161026,12.30,12.30,12.00,12.00,381500
TVC,20161027,12.10,12.10,11.90,12.00,338200
TVC,20161028,11.90,12.10,11.60,12.00,805400
TVC,20161031,10.80,12.00,10.80,12.00,327000
TVC,20161101,12.00,12.00,11.80,12.00,333800
TVC,20161102,11.90,12.00,11.80,12.00,483300
TVC,20161103,11.90,12.00,11.80,11.80,470950
TVC,20161104,11.90,12.20,11.90,12.00,464250
TVC,20161107,11.90,12.30,11.90,12.30,531900
TVC,20161108,12.20,12.60,12.20,12.50,533200
TVC,20161109,12.50,12.50,12.40,12.50,467800
TVC,20161110,12.50,13.00,12.50,12.90,869600
TVC,20161111,12.90,13.20,12.60,13.00,1248100
TVC,20161114,13.00,13.40,12.70,13.30,1970600
TVC,20161115,13.30,13.50,13.00,13.40,1875750
TVC,20161116,13.40,13.40,13.10,13.40,1002200
TVC,20161117,13.30,13.30,13.10,13.20,1009900
TVC,20161118,13.20,13.30,13.10,13.20,734100
TVC,20161121,13.20,13.30,13.10,13.30,638500
TVC,20161122,13.30,13.50,13.10,13.30,838300
TVC,20161123,13.20,13.50,13.10,13.20,606800
TVC,20161124,13.20,13.80,13.00,13.40,1851400
TVC,20161125,13.40,13.80,13.40,13.50,873300
TVC,20161128,13.40,13.70,13.40,13.50,805700
TVC,20161129,13.40,13.50,13.30,13.40,666200
TVC,20161130,13.40,13.40,12.90,13.00,937000
TVC,20161201,12.80,13.30,12.80,13.30,929220
TVC,20161202,13.30,13.30,12.90,13.20,559980
TVC,20161205,13.10,13.10,12.80,13.00,731200
TVC,20161206,12.90,13.00,12.90,13.00,490800
TVC,20161207,12.90,13.00,12.80,13.00,416800
TVC,20161208,12.90,13.10,12.90,13.10,441400
TVC,20161209,13.10,13.10,12.60,12.90,922200
TVC,20161212,12.90,12.90,12.60,12.80,552150
TVC,20161213,12.90,12.90,12.60,12.60,351100
TVC,20161214,12.70,12.90,12.60,12.60,355700
TVC,20161215,12.60,12.70,12.50,12.60,271650
TVC,20161216,12.60,12.70,12.50,12.70,286900
TVC,20161219,12.70,12.80,12.50,12.50,460500
TVC,20161220,12.70,12.70,12.50,12.60,259400
TVC,20161221,12.70,12.80,12.50,12.50,476300
TVC,20161222,12.60,12.70,12.50,12.50,356600
TVC,20161223,12.50,12.70,12.50,12.60,324900
TVC,20161226,12.60,12.70,12.50,12.50,313500
TVC,20161227,12.60,12.70,12.50,12.50,452200
TVC,20161228,12.60,12.70,12.50,12.70,439100
TVC,20161229,12.70,12.70,12.60,12.70,510280
TVC,20161230,12.60,12.70,12.50,12.60,353700
TVC,20170103,12.60,12.70,12.50,12.70,313100
TVC,20170104,12.70,12.70,12.60,12.70,341700
TVC,20170105,12.60,12.70,12.60,12.70,276200
TVC,20170106,12.60,12.70,12.50,12.50,188000
TVC,20170109,12.60,12.60,12.50,12.60,248800
TVC,20170110,12.60,12.60,12.50,12.50,184400
TVC,20170111,12.50,12.60,12.50,12.50,189000
TVC,20170112,12.50,12.60,12.50,12.50,232200
TVC,20170113,12.50,12.50,12.40,12.50,211850
TVC,20170116,12.60,12.70,12.50,12.60,214200
TVC,20170117,12.60,12.70,12.50,12.50,206600
TVC,20170118,12.50,12.60,12.50,12.50,199400
TVC,20170119,12.50,12.60,12.50,12.50,196850
TVC,20170120,12.50,12.60,12.40,12.50,204200
TVC,20170123,12.60,12.60,12.50,12.50,157400
TVC,20170124,12.60,12.80,12.50,12.60,194800
TVC,20170125,12.60,12.70,12.50,12.70,175900
TVC,20170202,12.80,12.80,12.60,12.60,201000
TVC,20170203,12.70,13.60,12.50,13.50,757000
TVC,20170206,13.50,14.30,13.20,14.10,1043100
TVC,20170207,14.00,14.00,13.30,13.60,721650
TVC,20170208,13.50,13.50,12.90,13.00,502900
TVC,20170209,13.10,13.40,13.00,13.00,590200
TVC,20170210,13.10,13.20,13.00,13.10,379040
TVC,20170213,13.10,13.10,12.80,13.00,267900
TVC,20170214,12.80,13.10,12.80,12.80,288100
TVC,20170215,12.90,12.90,12.70,12.80,185600
TVC,20170216,12.80,12.80,12.60,12.70,200300
TVC,20170217,12.70,13.00,12.60,12.60,445100
TVC,20170220,12.70,12.80,12.60,12.70,428810
TVC,20170221,12.70,13.50,12.70,13.00,1090700
TVC,20170222,12.50,13.30,12.50,13.10,1214700
TVC,20170223,13.10,13.10,12.80,13.00,454800
TVC,20170224,12.90,13.00,12.80,12.90,275800
TVC,20170227,12.90,13.00,12.80,12.80,268900
TVC,20170228,12.80,13.20,12.80,13.10,478800
TVC,20170301,13.00,13.60,13.00,13.40,999350
TVC,20170302,13.40,13.60,13.30,13.50,1117300
TVC,20170303,13.50,13.50,13.30,13.30,385100
TVC,20170306,13.40,13.40,13.30,13.40,150900
TVC,20170307,13.30,13.30,13.10,13.10,414000
TVC,20170308,13.10,13.20,12.90,12.90,362300
TVC,20170309,13.00,13.50,13.00,13.20,1059600
TVC,20170310,13.20,13.60,12.50,12.50,1570000
TVC,20170313,12.60,13.70,11.80,13.70,2755010
TVC,20170314,14.00,15.00,13.30,15.00,3453750
TVC,20170315,14.50,15.00,13.50,13.50,1921420
TVC,20170316,13.50,13.80,13.10,13.10,725300
TVC,20170317,13.20,13.40,13.00,13.30,380700
TVC,20170320,13.20,13.20,13.00,13.00,435000
TVC,20170321,13.10,13.20,13.00,13.10,275300
TVC,20170322,13.10,13.10,12.90,13.10,506350
TVC,20170323,13.10,13.40,13.00,13.20,930700
TVC,20170324,13.20,13.50,13.20,13.50,984400
TVC,20170327,13.50,13.60,13.40,13.60,1433600
TVC,20170328,13.50,13.80,13.40,13.60,1720800
TVC,20170329,13.50,13.60,13.30,13.60,970310
TVC,20170330,13.60,14.00,13.60,13.80,1598400
TVC,20170331,13.80,14.30,13.50,14.00,1145373
TVC,20170403,14.00,14.30,13.50,13.50,807800
TVC,20170404,13.50,13.80,13.30,13.60,659400
TVC,20170405,13.50,13.60,13.30,13.50,566700
TVC,20170407,13.50,13.50,13.00,13.00,855700
TVC,20170410,13.10,13.40,13.10,13.40,775700
TVC,20170411,13.30,13.30,13.00,13.30,566400
TVC,20170412,13.20,13.30,13.10,13.30,467700
TVC,20170413,13.20,13.30,13.10,13.20,502300
TVC,20170414,13.20,13.50,12.80,13.20,682500
TVC,20170417,13.10,13.10,12.50,12.80,793700
TVC,20170418,12.90,13.20,12.50,12.80,701300
TVC,20170419,12.80,12.80,12.30,12.50,949300
TVC,20170420,12.50,12.60,12.30,12.40,538300
TVC,20170421,12.40,12.40,12.00,12.00,348500
TVC,20170424,12.00,12.10,11.90,12.00,332710
TVC,20170425,12.00,12.20,11.70,11.80,314000
TVC,20170426,11.80,11.80,11.50,11.70,304000
TVC,20170427,11.70,11.70,11.40,11.40,226786
TVC,20170428,11.40,11.50,11.10,11.20,333300
TVC,20170503,11.20,11.40,11.00,11.30,483300
TVC,20170504,11.20,11.60,11.10,11.40,470800
TVC,20170505,11.30,11.50,11.20,11.30,472800
TVC,20170508,11.20,11.30,11.10,11.30,431900
TVC,20170509,11.20,11.40,11.10,11.30,433300
TVC,20170510,11.30,11.50,11.10,11.50,476200
TVC,20170511,11.40,11.50,11.20,11.40,463200
TVC,20170522,11.00,11.30,10.90,11.00,385000
TVC,20170523,11.00,11.20,10.90,11.00,378100
TVC,20170524,10.90,11.20,10.90,11.20,381500
TVC,20170525,11.20,11.20,10.90,11.00,424400
TVC,20170531,10.90,11.00,10.90,10.90,273200
TVC,20170601,10.90,10.90,10.80,10.90,273300
TVC,20170602,10.90,11.00,10.80,10.90,262500
TVC,20170605,10.90,11.00,10.80,10.80,269500
TVC,20170607,10.60,10.80,10.50,10.60,311700
TVC,20170608,10.60,10.70,10.50,10.60,286200
TVC,20170612,10.70,10.90,10.50,10.80,470000
TVC,20170613,10.70,11.00,10.70,10.90,621700
TVC,20170614,10.80,11.30,10.70,10.90,650700
TVC,20170619,11.10,11.20,10.90,11.10,571800
TVC,20170621,10.90,11.10,10.90,11.00,456700
TVC,20170622,11.00,11.10,10.80,11.00,440800
TVC,20170623,10.80,10.90,10.80,10.90,495200
TVC,20170626,10.80,11.00,10.80,11.00,444600
TVC,20170627,11.00,11.10,10.90,11.00,408400
TVC,20170703,10.90,11.00,10.80,10.80,415900
TVC,20170704,10.90,11.00,10.80,11.00,360300
TVC,20170705,11.00,11.10,10.90,11.00,340810
TVC,20170706,11.00,11.10,10.90,11.00,386100
TVC,20170710,10.90,10.90,10.70,10.80,240000
TVC,20170711,10.80,10.90,10.80,10.90,225400
TVC,20170712,10.90,11.50,10.80,11.40,1047700
TVC,20170713,11.30,11.60,11.20,11.60,666600
TVC,20170717,11.30,11.40,11.10,11.20,422120
TVC,20170718,10.70,10.70,10.40,10.50,376100
TVC,20170719,10.60,10.90,10.50,10.50,378440
TVC,20170720,10.60,10.80,10.50,10.50,376800
TVC,20170724,10.30,10.30,9.60,9.60,368625
TVC,20170725,9.50,9.50,9.00,9.00,274310
TVC,20170726,8.80,9.00,8.60,8.60,315200
TVC,20170727,8.50,8.50,8.00,8.20,598100
TVC,20170731,8.30,8.50,8.10,8.20,276011
TVC,20170801,8.20,8.20,8.00,8.20,426410
TVC,20170802,8.20,8.50,8.20,8.30,303450
TVC,20170803,8.30,8.70,8.30,8.40,316114
TVC,20170804,8.40,8.50,8.30,8.50,313200
TVC,20170807,8.50,8.90,8.20,8.40,318449
TVC,20170808,8.40,8.60,8.30,8.40,233301
TVC,20170809,8.40,8.60,8.10,8.30,239100
TVC,20170810,8.30,8.40,8.00,8.20,242200
TVC,20170814,7.90,8.30,7.40,7.40,391300
TVC,20170815,7.60,7.80,7.20,12.50,213500
TVC,20170816,7.40,7.50,7.20,7.20,227100
TVC,20170817,7.10,7.30,7.00,7.20,208200
TVC,20170818,7.20,7.30,7.00,7.20,203900
TVC,20170821,7.30,7.50,7.30,7.30,186300
TVC,20170822,7.40,7.50,7.30,7.30,206500
TVC,20170823,7.00,7.80,7.00,7.50,207500
TVC,20170824,7.50,8.10,7.40,7.70,245700
TVC,20170825,7.70,7.90,7.70,7.80,208362
TVC,20170828,7.10,8.30,7.10,7.90,262875
TVC,20170829,8.00,8.10,7.90,7.90,213776
TVC,20170830,7.20,8.10,7.20,7.90,224100
TVC,20170831,7.20,8.00,7.20,7.80,221653
TVC,20170901,7.80,8.20,7.70,8.20,252000
TVC,20170905,8.10,8.10,7.60,7.90,204200
TVC,20170906,7.70,8.10,7.70,8.00,203285
TVC,20170907,7.90,8.10,7.90,8.00,230818
TVC,20170911,7.90,8.10,7.80,7.80,226807
TVC,20170912,7.90,8.00,7.80,7.90,216059
TVC,20170913,7.90,8.10,7.90,7.90,212400
TVC,20170914,8.00,8.20,8.00,8.00,221890
TVC,20170915,7.80,8.10,7.80,7.90,206615
TVC,20170918,7.80,8.10,7.80,8.00,206408
TVC,20170919,7.90,8.10,7.90,8.00,203270
TVC,20170920,8.00,8.10,7.90,7.90,226582
TVC,20170921,8.10,8.20,7.90,8.10,694377
TVC,20170925,8.50,8.70,8.50,8.60,418010
TVC,20170926,8.60,8.90,8.40,8.50,535397
TVC,20170929,8.60,8.60,8.30,8.30,287000
TVC,20171002,8.30,8.50,8.00,8.10,326881
TVC,20171003,8.10,8.30,8.00,8.00,224600
TVC,20171004,8.10,8.10,8.00,8.10,236600
TVC,20171005,8.10,8.10,7.80,7.90,256600
TVC,20171006,7.90,8.10,7.80,8.00,293900
TVC,20171009,8.10,8.30,8.10,8.10,381600
TVC,20171010,8.10,8.30,8.10,8.20,370512
TVC,20171011,8.10,8.30,8.10,8.30,289700
TVC,20171012,8.30,8.40,8.20,8.40,287700
TVC,20171013,8.40,8.40,8.20,8.40,316300
TVC,20171016,8.30,8.40,8.20,8.30,269796
TVC,20171017,8.30,8.40,8.10,8.30,228818
TVC,20171018,8.30,8.30,8.20,8.20,188648
TVC,20171019,8.20,8.40,8.20,8.40,222344
TVC,20171020,8.30,8.40,8.20,8.40,206920
TVC,20171023,8.30,8.30,8.20,8.30,175300
TVC,20171024,8.30,8.30,8.20,8.30,98506
TVC,20171025,8.30,8.30,8.20,8.30,108413
TVC,20171026,8.20,8.30,8.10,8.30,113875
TVC,20171027,8.20,8.20,8.10,8.10,170650
TVC,20171030,8.10,8.30,8.10,8.30,207200
TVC,20171031,8.30,8.30,8.10,8.30,251800
TVC,20171101,8.30,8.30,8.10,8.10,225900
TVC,20171102,8.10,8.30,8.10,8.20,203127
TVC,20171106,8.20,8.40,8.20,8.40,230800
TVC,20171107,8.30,8.50,8.20,8.40,247735
TVC,20171108,8.40,8.50,8.30,8.50,211109
TVC,20171109,8.50,8.50,8.20,8.30,208025
TVC,20171110,8.30,8.40,8.10,8.10,179000
TVC,20171113,8.10,8.20,8.00,8.20,146314
TVC,20171114,8.20,8.40,8.20,8.30,208500
TVC,20171115,8.30,8.40,8.20,8.40,190200
TVC,20171116,8.20,8.40,8.20,8.30,209354
TVC,20171117,8.20,8.40,8.20,8.30,139355
TVC,20171120,8.40,8.40,8.20,8.30,202100
TVC,20171121,8.30,8.40,8.20,8.30,180500
TVC,20171122,8.30,8.30,8.20,8.20,103300
TVC,20171123,8.30,8.30,8.10,8.20,101300
TVC,20171124,8.30,8.30,8.00,8.20,88300
TVC,20171127,8.20,8.20,8.00,8.20,101950
TVC,20171128,8.20,8.20,8.10,8.20,125025
TVC,20171129,8.10,8.30,8.10,8.30,143164
TVC,20171130,8.30,8.30,8.20,8.30,120790
TVC,20171204,8.10,8.30,8.10,8.30,119700
TVC,20171205,8.20,8.30,8.20,8.20,123700
TVC,20171206,8.20,8.20,8.00,8.10,121500
TVC,20171207,8.10,8.20,8.10,8.10,121900
TVC,20171211,8.10,8.20,8.00,8.10,111100
TVC,20171212,8.20,8.20,8.00,8.10,105220
TVC,20171213,8.10,8.20,8.00,8.10,95400
TVC,20171214,8.10,8.20,8.00,8.20,93668
TVC,20171218,8.20,8.30,8.10,8.30,113500
TVC,20171219,8.20,8.40,8.20,8.30,138200
TVC,20171220,8.30,8.40,8.20,8.40,112500
TVC,20171221,8.40,8.80,8.40,8.50,354715
TVC,20171222,8.60,9.30,8.50,8.80,455887
TVC,20171225,8.90,9.10,8.80,8.90,201100
TVC,20171226,8.50,8.50,8.30,8.30,169844
TVC,20171227,8.10,8.40,8.10,8.20,117130
TVC,20171228,8.30,8.30,7.90,7.90,172600
TVC,20180102,8.00,8.00,7.80,7.80,102710
TVC,20180108,8.10,8.10,7.90,8.10,112300
TVC,20180109,8.10,8.20,7.80,8.00,136700
TVC,20180110,8.00,8.20,7.90,8.10,113841
TVC,20180123,8.10,8.20,7.90,8.10,205600
TVC,20180124,8.00,8.20,8.00,8.00,229240
TVC,20180125,8.00,8.20,7.90,8.00,234910
TVC,20180205,8.20,8.20,7.90,7.90,223100
TVC,20180206,8.00,8.00,7.70,7.80,231500
TVC,20180207,7.70,7.90,7.70,7.90,205900
TVC,20180208,8.00,8.00,7.90,7.90,188950
TVC,20180221,8.00,8.00,8.00,12.50,198500
TVC,20180222,8.00,8.80,8.00,8.80,325000
TVC,20180226,9.30,9.80,9.20,9.60,215800
TVC,20180227,8.70,10.30,8.70,10.00,286882
TVC,20180228,10.10,10.40,10.10,10.20,222607
TVC,20180301,9.80,10.40,9.80,10.10,180300
TVC,20180302,10.10,10.30,9.90,10.20,212405
TVC,20180305,10.20,10.50,10.10,10.30,254785
TVC,20180306,10.20,10.50,10.10,10.10,320400
TVC,20180307,10.20,10.40,9.90,10.10,233700
TVC,20180308,10.10,10.40,9.90,10.20,250935
TVC,20180309,10.20,10.30,10.00,10.20,240720
TVC,20180312,10.10,10.30,9.80,10.00,265600
TVC,20180313,10.10,10.30,10.00,10.20,217300
TVC,20180314,10.20,10.20,9.70,9.70,209800
TVC,20180315,9.90,10.60,9.90,10.60,324927
TVC,20180316,10.70,11.40,10.70,11.30,385016
TVC,20180319,11.30,11.50,11.10,11.20,217280
TVC,20180320,11.20,11.30,10.90,11.10,186270
TVC,20180321,11.00,11.10,10.80,10.80,168800
TVC,20180322,10.90,10.90,10.60,10.70,183500
TVC,20180323,10.70,10.70,10.50,10.70,178300
TVC,20180326,10.60,11.00,10.50,10.90,304927
TVC,20180327,11.00,11.20,11.00,11.00,506000
TVC,20180328,11.00,11.20,10.90,11.10,505706
TVC,20180329,11.10,11.30,11.00,11.20,519271
TVC,20180330,11.20,11.30,11.00,11.30,504406
TVC,20180402,11.30,11.40,11.10,11.10,505462
TVC,20180403,11.10,11.20,10.90,11.10,503800
TVC,20180404,11.10,11.10,10.80,10.90,500700
TVC,20180405,10.80,10.90,10.60,10.80,482110
TVC,20180406,10.80,10.90,10.70,10.90,527300
TVC,20180409,10.90,11.00,10.70,11.00,481407
TVC,20180410,10.90,10.90,10.10,10.20,539306
TVC,20180411,10.30,10.30,9.50,9.50,378100
TVC,20180412,9.40,9.50,9.00,9.10,360107
TVC,20180413,9.10,10.00,9.00,10.00,536427
TVC,20180416,10.10,10.50,10.10,10.40,497000
TVC,20180417,10.40,10.50,10.40,10.40,483930
TVC,20180418,10.40,10.50,10.20,10.30,534100
TVC,20180419,10.30,10.30,10.00,10.20,336700
TVC,20180420,9.90,10.40,9.90,10.40,253900
TVC,20180423,10.40,10.40,10.20,10.30,278300
TVC,20180424,10.20,10.30,10.10,10.20,256209
TVC,20180426,10.20,10.30,9.80,9.80,278400
TVC,20180427,9.80,10.00,9.60,9.90,282100
TVC,20180502,9.90,10.00,9.80,10.00,224900
TVC,20180503,10.00,10.20,9.90,10.20,251500
TVC,20180504,10.20,10.30,10.10,10.20,263700
TVC,20180507,10.20,10.40,10.10,10.30,223600
TVC,20180508,10.30,10.40,10.20,10.20,252052
TVC,20180509,10.30,10.30,10.20,10.30,285735
TVC,20180510,10.30,10.30,10.10,10.10,214100
TVC,20180511,10.10,10.30,10.00,10.30,244253
TVC,20180514,10.30,10.50,10.20,10.50,273987
TVC,20180515,10.50,10.60,10.40,10.50,227210
TVC,20180516,11.30,11.30,10.30,10.40,200600
TVC,20180517,10.40,10.40,10.00,10.00,188834
TVC,20180518,10.00,10.20,9.90,10.10,201800
TVC,20180521,10.10,10.20,10.00,10.10,225400
TVC,20180522,10.10,10.20,10.10,10.10,197734
TVC,20180523,10.10,10.30,10.10,10.20,166900
TVC,20180524,10.30,10.30,10.10,10.20,170800
TVC,20180525,10.20,10.20,10.10,10.10,133600
TVC,20180528,10.10,10.10,9.90,10.00,127800
TVC,20180529,10.00,10.20,9.90,10.20,135400
TVC,20180530,10.20,10.30,10.00,10.20,123400
TVC,20180531,10.20,10.30,10.20,10.30,105500
TVC,20180601,10.30,10.40,10.10,10.20,132900
TVC,20180604,10.20,10.20,10.00,10.00,147700
TVC,20180605,9.90,10.10,9.80,10.10,225900
TVC,20180606,10.10,10.60,10.10,10.40,262923
TVC,20180607,10.50,10.80,10.50,10.50,236400
TVC,20180608,10.60,10.80,10.50,10.60,205200
TVC,20180611,10.60,10.90,10.60,10.70,230217
TVC,20180612,10.70,10.70,10.50,10.60,157700
TVC,20180613,10.60,10.80,10.50,10.70,209010
TVC,20180614,10.70,11.00,10.70,10.80,214360
TVC,20180615,10.70,11.00,10.50,11.00,234030
TVC,20180618,10.90,11.00,10.80,10.90,249110
TVC,20180619,10.90,11.20,10.70,10.80,262100
TVC,20180620,10.80,10.90,10.50,10.90,269330
TVC,20180621,10.90,10.90,10.70,10.90,210300
TVC,20180622,10.90,11.00,10.80,10.80,198300
TVC,20180625,10.90,11.00,10.80,11.00,226300
TVC,20180626,11.00,11.00,10.80,11.00,175300
TVC,20180627,11.00,11.00,10.80,10.90,185310
TVC,20180628,10.90,11.00,10.70,10.80,230400
TVC,20180629,10.90,11.10,10.70,11.00,250200
TVC,20180702,11.00,11.20,10.80,11.00,223500
TVC,20180703,11.00,11.20,10.90,11.00,202700
TVC,20180704,11.10,11.10,10.80,11.00,157200
TVC,20180705,11.00,11.10,10.80,10.90,174123
TVC,20180706,10.90,11.10,10.80,11.00,165337
TVC,20180709,11.00,11.10,10.80,11.00,199300
TVC,20180710,11.00,11.10,10.80,10.90,218417
TVC,20180711,10.90,10.90,10.60,10.80,174200
TVC,20180712,10.80,11.00,10.80,10.80,202200
TVC,20180713,10.70,10.70,10.60,10.70,150800
TVC,20180716,10.70,10.80,10.60,10.80,220417
TVC,20180717,10.80,11.10,10.70,11.00,149700
TVC,20180718,11.10,11.20,10.80,11.00,168360
TVC,20180719,11.00,11.00,10.70,10.90,125200
TVC,20180720,10.80,10.80,10.60,10.80,126000
TVC,20180723,10.90,10.90,10.60,10.80,139977
TVC,20180724,10.80,10.80,10.60,10.70,115200
TVC,20180725,10.70,10.80,10.60,10.70,104823
TVC,20180726,10.60,10.70,10.50,10.70,106200
TVC,20180727,10.70,10.80,10.60,10.80,125910
TVC,20180730,10.80,10.90,10.70,10.90,138300
TVC,20180731,10.90,10.90,10.60,10.60,106700
TVC,20180801,10.60,10.60,10.40,10.40,97100
TVC,20180802,10.50,10.60,10.30,10.30,93700
TVC,20180803,10.40,10.40,10.20,10.20,117700
TVC,20180806,10.20,10.40,10.10,10.30,108900
TVC,20180807,10.30,10.50,10.10,10.40,139000
TVC,20180808,10.40,10.70,10.30,10.60,149000
TVC,20180809,10.70,10.80,10.50,10.70,159200
TVC,20180810,10.60,10.90,10.50,10.90,105200
TVC,20180813,10.80,11.00,10.70,11.00,118420
TVC,20180814,11.00,11.10,10.80,11.00,97705
TVC,20180815,11.00,11.10,10.80,10.90,126303
TVC,20180816,10.80,10.90,10.70,10.90,99300
TVC,20180817,10.90,11.00,10.70,10.80,113600
TVC,20180820,10.80,10.90,10.60,10.70,97432
TVC,20180821,10.70,10.70,10.50,10.60,127600
TVC,20180822,10.60,10.80,10.40,10.50,122000
TVC,20180823,10.60,10.60,10.30,10.60,118300
TVC,20180824,10.60,10.80,10.50,10.70,131300
TVC,20180827,10.70,10.90,10.70,10.70,106500
TVC,20180828,10.70,10.90,10.60,10.60,112698
TVC,20180829,10.70,10.70,10.50,10.50,99300
TVC,20180830,11.00,11.00,10.30,10.60,108770
TVC,20180831,10.60,10.70,10.50,10.50,113000
TVC,20180904,10.50,10.60,10.30,10.30,122820
TVC,20180905,10.40,10.40,10.20,10.30,91100
TVC,20180906,10.20,10.40,10.20,10.20,97300
TVC,20180907,10.20,10.40,10.10,10.40,125000
TVC,20180910,10.40,10.70,10.40,10.60,113928
TVC,20180911,10.60,10.80,10.30,10.70,108000
TVC,20180912,10.80,10.90,10.70,10.80,153550
TVC,20180913,10.70,10.70,10.50,10.70,110527
TVC,20180914,10.70,10.80,10.50,10.80,119200
TVC,20180917,10.80,10.80,10.50,10.70,128800
TVC,20180918,10.70,10.90,10.50,10.80,147700
TVC,20180919,10.90,10.90,10.80,10.90,121238
TVC,20180920,10.90,11.10,10.80,10.90,109210
TVC,20180921,10.90,11.10,10.80,10.80,101100
TVC,20180924,10.80,11.00,10.70,10.70,128700
TVC,20180925,10.70,10.70,10.50,10.60,92300
TVC,20180926,10.60,10.60,10.50,10.50,104210
TVC,20180927,10.50,10.60,10.40,10.40,92654
TVC,20180928,10.40,10.50,10.20,10.50,119200
TVC,20181001,10.50,10.60,10.40,10.50,111400
TVC,20181002,10.50,10.60,10.40,10.60,101900
TVC,20181003,10.60,10.70,10.40,10.70,117700
TVC,20181004,10.70,10.90,10.60,10.80,125900
TVC,20181005,10.80,10.80,10.40,10.60,97324
TVC,20181008,10.60,10.60,10.20,10.30,103600
TVC,20181009,10.40,10.40,10.10,10.30,114600
TVC,20181010,10.30,10.30,10.10,10.30,128000
TVC,20181011,10.20,10.30,9.90,10.20,103000
TVC,20181012,10.10,10.50,10.10,10.40,131600
TVC,20181015,10.50,10.50,10.10,10.40,104900
TVC,20181016,10.20,10.60,10.20,10.50,107500
TVC,20181017,10.50,10.70,10.40,10.60,114600
TVC,20181018,10.50,10.60,10.20,10.60,119000
TVC,20181019,10.50,10.60,10.10,10.50,124095
TVC,20181022,10.60,10.80,10.40,10.50,105800
TVC,20181023,10.40,10.60,10.20,10.60,148000
TVC,20181024,10.50,10.90,10.30,10.80,212505
TVC,20181025,10.70,11.00,10.60,10.90,188900
TVC,20181026,10.70,11.20,10.70,10.90,181900
TVC,20181029,10.90,11.30,10.90,11.30,142700
TVC,20181030,11.30,11.30,10.20,10.50,206110
TVC,20181031,10.50,11.00,10.20,10.80,268700
TVC,20181101,10.90,10.90,10.30,10.90,167200
TVC,20181102,10.90,11.30,10.90,11.30,222800
TVC,20181105,11.30,11.30,10.70,11.20,205100
TVC,20181106,11.00,11.50,10.50,11.00,208500
TVC,20181107,10.90,11.70,10.80,11.50,306800
TVC,20181108,11.50,11.90,11.50,11.80,201400
TVC,20181109,11.70,12.40,11.50,12.40,271700
TVC,20181112,12.20,12.60,12.10,12.20,231460
TVC,20181113,12.20,12.20,11.60,12.20,174200
TVC,20181114,12.10,12.70,12.10,12.50,202900
TVC,20181115,12.50,12.80,12.20,12.50,212100
TVC,20181116,12.30,12.60,12.00,12.00,250700
TVC,20181119,11.80,12.60,11.80,11.80,215900
TVC,20181120,11.80,12.30,11.50,12.00,207613
TVC,20181121,11.90,12.40,11.70,12.20,226800
TVC,20181122,11.80,12.20,11.80,12.10,173800
TVC,20181123,12.10,12.30,11.50,12.00,198000
TVC,20181126,11.90,12.40,11.80,12.10,217400
TVC,20181127,12.00,12.40,12.00,12.00,162100
TVC,20181128,12.00,12.00,11.50,11.90,132312
TVC,20181129,11.90,12.20,11.90,12.00,165100
TVC,20181130,12.00,12.30,12.00,12.10,188000
TVC,20181203,12.10,12.30,12.10,12.20,173900
TVC,20181204,12.30,12.30,12.00,12.10,149900
TVC,20181205,12.10,12.40,11.90,12.30,164300
TVC,20181206,12.30,12.50,12.30,12.50,134612
TVC,20181207,12.20,12.50,12.20,12.40,144108
TVC,20181210,12.40,12.60,12.30,12.50,150128
TVC,20181211,12.40,12.60,12.20,12.60,190400
TVC,20181212,12.50,12.80,12.50,12.60,179720
TVC,20181213,12.50,12.70,12.40,12.50,164700
TVC,20181214,12.50,12.80,12.40,12.60,160008
TVC,20181217,12.50,12.60,12.30,12.50,133500
TVC,20181218,12.40,12.80,12.40,12.50,147750
TVC,20181219,12.40,12.50,12.20,12.50,140620
TVC,20181220,12.30,12.50,12.20,12.40,148600
TVC,20181221,12.30,12.50,12.20,12.50,162000
TVC,20181224,12.40,12.70,12.30,12.30,174060
TVC,20181225,12.40,12.40,11.80,11.80,203300
TVC,20181226,11.70,11.90,11.50,11.50,204610
TVC,20181227,11.60,12.00,11.60,11.80,176700
TVC,20181228,11.80,11.90,11.70,11.80,168100
TVC,20190102,11.80,11.90,11.70,11.80,148110
TVC,20190103,11.80,11.80,11.50,11.70,208930
TVC,20190104,11.80,11.90,11.60,11.80,226380
TVC,20190107,11.70,11.90,11.60,11.90,203000
TVC,20190108,11.80,12.00,11.60,12.00,215700
TVC,20190109,11.50,12.00,11.30,12.00,247500
TVC,20190110,11.90,12.10,11.70,12.10,247600
TVC,20190111,12.10,12.30,12.10,12.30,241601
TVC,20190114,12.20,12.50,12.20,12.40,219120
TVC,20190115,12.40,13.00,12.40,12.50,278500
TVC,20190116,12.60,12.60,12.30,12.60,234300
TVC,20190117,12.50,12.70,12.50,12.60,224500
TVC,20190118,12.50,12.70,12.50,12.70,207500
TVC,20190121,12.60,12.80,12.50,12.60,234400
TVC,20190122,12.60,12.60,12.50,12.60,230800
TVC,20190123,12.60,12.70,12.40,12.70,262400
TVC,20190124,12.60,12.80,12.30,12.50,241900
TVC,20190125,12.60,12.70,12.20,12.50,226500
TVC,20190128,12.50,12.70,12.50,12.60,237500
TVC,20190129,12.60,12.70,12.40,12.60,261700
TVC,20190130,12.60,12.70,12.60,12.60,204570
TVC,20190131,12.60,12.70,12.50,12.70,228585
TVC,20190201,12.70,12.90,12.60,12.90,180400
TVC,20190211,12.70,13.30,12.70,13.20,226700
TVC,20190212,13.20,13.80,13.20,13.40,321512
TVC,20190213,13.50,13.80,13.40,13.50,283120
TVC,20190214,13.50,13.50,13.10,13.30,222200
TVC,20190215,13.30,13.30,13.00,13.20,309400
TVC,20190218,13.20,13.50,13.00,13.40,520100
TVC,20190219,13.40,13.60,13.20,13.50,488800
TVC,20190220,13.40,13.60,13.30,13.40,396000
TVC,20190221,13.30,13.60,13.30,13.30,364613
TVC,20190222,13.30,13.30,13.00,13.00,374910
TVC,20190225,13.10,13.40,13.00,13.40,328900
TVC,20190226,13.50,14.10,13.50,13.80,520400
TVC,20190227,13.80,14.20,13.80,13.90,383200
TVC,20190228,13.90,14.30,13.90,14.00,361000
TVC,20190301,13.80,14.20,13.70,14.00,373400
TVC,20190304,14.00,14.30,14.00,14.10,279710
TVC,20190305,14.10,14.20,13.90,14.00,229500
TVC,20190306,14.00,14.10,13.80,14.00,255900
TVC,20190307,13.90,14.10,13.80,14.10,292900
TVC,20190308,14.20,14.20,13.80,13.90,211800
TVC,20190311,13.90,13.90,13.70,13.80,225500
TVC,20190312,13.80,13.90,13.60,13.70,248700
TVC,20190313,13.70,13.70,13.40,13.60,222400
TVC,20190314,13.50,13.50,13.30,13.30,199200
TVC,20190315,13.30,13.50,13.10,13.40,261520
TVC,20190318,13.40,13.40,13.00,13.00,233308
TVC,20190319,13.00,13.10,12.60,12.60,195300
TVC,20190320,12.60,13.00,12.60,12.80,264900
TVC,20190321,12.90,13.20,12.90,13.00,293900
TVC,20190322,13.00,13.20,12.90,13.10,231323
TVC,20190325,13.20,13.20,12.90,13.00,204400
TVC,20190326,13.10,13.20,12.80,12.80,187600
TVC,20190327,12.80,12.90,12.70,12.70,158400
TVC,20190328,12.60,12.90,12.60,12.80,182600
TVC,20190329,12.70,13.00,12.70,12.80,263700
TVC,20190401,12.80,12.90,12.70,12.80,112100
TVC,20190402,12.80,12.90,12.60,12.70,202500
TVC,20190403,12.30,12.70,12.30,12.50,214510
TVC,20190404,12.50,12.60,12.30,12.60,173100
TVC,20190405,12.50,12.50,12.20,12.50,209800
TVC,20190408,12.50,12.50,12.20,12.40,171588
TVC,20190409,12.40,12.70,12.30,12.50,215600
TVC,20190410,12.60,12.60,12.40,12.60,200800
TVC,20190411,12.60,12.70,12.50,12.50,223500
TVC,20190412,12.50,12.70,12.50,12.70,113800
TVC,20190416,12.70,12.80,12.50,12.80,145702
TVC,20190417,12.80,13.10,12.80,12.80,223400
TVC,20190418,12.70,12.70,12.40,12.60,136100
TVC,20190419,12.60,12.70,12.40,12.50,172800
TVC,20190422,12.40,12.50,12.20,12.50,208800
TVC,20190423,12.50,12.80,12.50,12.70,219000
TVC,20190424,12.70,13.00,12.70,13.00,251620
TVC,20190425,13.00,13.10,12.80,13.10,234700
TVC,20190426,13.00,13.10,12.90,12.90,254350
TVC,20190502,12.80,13.40,12.80,13.40,287713
TVC,20190503,13.50,13.80,13.50,13.80,200700
TVC,20190506,13.80,14.30,13.70,13.70,242700
TVC,20190507,13.60,13.80,12.90,13.40,242870
TVC,20190508,13.30,13.30,12.80,13.00,203400
TVC,20190509,13.10,13.40,13.00,13.30,236100
TVC,20190510,13.20,13.80,13.20,13.40,194000
TVC,20190513,13.50,13.50,13.20,13.20,154800
TVC,20190514,13.20,13.20,13.00,13.10,168300
TVC,20190515,13.10,13.10,12.80,13.00,140500
TVC,20190516,13.00,13.10,12.70,12.80,160400
TVC,20190517,12.90,13.20,12.80,12.90,178900
TVC,20190520,12.90,13.40,12.90,13.20,229900
TVC,20190521,13.20,13.60,13.20,13.50,251513
TVC,20190522,13.40,13.80,13.40,13.70,202720
TVC,20190523,13.60,13.60,13.10,13.40,167194
TVC,20190524,13.40,13.40,13.10,13.20,150500
TVC,20190527,13.20,13.20,13.00,13.00,201900
TVC,20190528,13.00,13.30,13.00,13.10,172100
TVC,20190529,13.10,13.20,13.00,13.10,202500
TVC,20190530,13.10,13.20,12.90,12.90,214420
TVC,20190531,12.90,13.00,12.50,12.50,106300
TVC,20190603,12.50,12.60,12.30,12.40,138500
TVC,20190604,12.40,12.50,12.20,12.40,145800
TVC,20190605,12.40,12.70,12.20,12.50,233700
TVC,20190606,12.50,12.70,12.30,12.50,182300
TVC,20190607,12.30,12.80,12.20,12.50,214203
TVC,20190610,12.40,12.60,12.30,12.40,138700
TVC,20190611,12.40,12.50,12.20,12.20,156114
TVC,20190612,12.10,12.30,12.00,12.00,191700
TVC,20190613,12.00,12.10,11.90,12.00,145800
TVC,20190614,12.00,12.10,11.90,12.00,114983
TVC,20190617,12.00,12.10,11.90,12.10,125200
TVC,20190618,12.10,12.10,11.90,12.10,116600
TVC,20190619,12.10,12.20,12.00,12.10,124800
TVC,20190620,12.10,12.20,12.00,12.10,124800
TVC,20190621,12.10,12.40,12.00,12.30,268000
TVC,20190624,12.20,12.50,12.20,12.40,174417
TVC,20190625,12.30,12.40,12.30,12.40,100500
TVC,20190626,12.30,12.90,12.30,12.80,201783
TVC,20190627,12.70,12.80,12.60,12.70,116916
TVC,20190628,12.70,12.80,12.50,12.70,174900
TVC,20190701,12.70,12.70,12.60,12.60,151400
TVC,20190702,12.60,12.60,12.40,12.40,126500
TVC,20190703,12.40,12.50,12.30,12.30,139300
TVC,20190704,12.30,12.30,12.20,12.20,146300
TVC,20190705,12.20,12.30,12.10,12.20,128700
TVC,20190708,12.20,12.20,11.70,12.00,152301
TVC,20190709,12.00,12.10,11.80,12.10,138363
TVC,20190710,12.10,12.70,12.10,12.50,213808
TVC,20190711,12.60,12.60,12.40,12.50,136500
TVC,20190712,12.40,13.00,12.40,12.80,232500
TVC,20190715,12.80,13.20,12.80,12.90,182201
TVC,20190716,12.90,13.20,12.90,13.10,224446
TVC,20190717,13.10,13.40,13.10,13.20,227252
TVC,20190718,13.20,13.60,13.20,13.40,207202
TVC,20190719,13.40,13.70,13.30,13.50,186400
TVC,20190722,13.60,14.00,13.60,13.80,290800
TVC,20190723,13.80,14.00,13.70,13.90,251400
TVC,20190724,13.90,14.20,13.80,14.00,254230
TVC,20190725,14.10,14.40,14.00,14.20,287295
TVC,20190726,14.10,14.50,14.00,14.30,305622
TVC,20190729,14.30,14.40,14.10,14.10,191517
TVC,20190730,14.00,14.60,14.00,14.40,280900
TVC,20190731,14.40,14.60,14.20,14.50,222310
TVC,20190801,14.50,15.00,14.40,14.80,291713
TVC,20190802,14.50,14.70,14.30,14.70,130500
TVC,20190805,14.70,14.70,14.40,14.60,127700
TVC,20190806,14.60,15.00,14.60,14.80,191400
TVC,20190807,14.80,15.00,14.70,14.90,319050
TVC,20190808,14.90,15.20,14.80,15.20,246700
TVC,20190809,15.10,15.20,15.00,15.10,98323
TVC,20190812,15.10,15.30,15.00,15.20,351400
TVC,20190813,15.20,15.50,15.00,15.50,401108
TVC,20190814,15.20,16.20,15.20,16.00,268700
TVC,20190815,15.80,16.80,15.80,16.80,352383
TVC,20190816,17.00,17.50,17.00,17.40,350654
TVC,20190819,17.20,17.30,15.70,16.00,455500
TVC,20190820,16.00,16.50,16.00,16.40,291000
TVC,20190821,16.40,16.80,16.30,16.30,173210
TVC,20190822,16.10,16.20,15.50,16.00,144710
TVC,20190823,15.90,16.40,15.70,16.20,176701
TVC,20190826,15.90,16.20,15.90,16.10,121015
TVC,20190827,16.20,16.20,16.00,16.20,102800
TVC,20190828,16.10,16.30,16.00,16.20,142004
TVC,20190829,16.30,16.30,16.10,16.30,200810
TVC,20190830,16.30,16.50,16.20,16.50,214400
TVC,20190903,16.50,16.80,16.50,16.60,302213
TVC,20190904,16.30,16.40,16.00,16.10,159818
TVC,20190905,16.00,16.30,16.00,16.20,202500
TVC,20190906,16.20,16.40,16.10,16.30,168000
TVC,20190909,16.30,16.40,16.10,16.20,156400
TVC,20190910,16.20,16.40,16.00,16.20,200400
TVC,20190911,16.20,16.20,15.90,16.20,231500
TVC,20190912,16.20,16.50,16.00,16.00,307900
TVC,20190913,16.10,16.10,16.00,16.00,80800
TVC,20190916,16.00,16.20,15.90,16.10,138110
TVC,20190917,16.10,16.70,16.10,16.30,189223
TVC,20190918,16.20,16.30,15.90,16.20,167000
TVC,20190919,16.20,16.20,15.90,15.90,114100
TVC,20190920,15.90,16.10,15.40,15.70,257383
TVC,20190923,15.80,16.10,15.80,15.90,303600
TVC,20190924,16.00,16.20,16.00,16.10,204610
TVC,20190925,16.00,16.40,16.00,16.30,256700
TVC,20190926,16.30,17.00,16.30,16.80,294500
TVC,20190927,16.80,17.10,16.70,16.70,152510
TVC,20190930,16.70,16.70,16.30,16.60,198500
TVC,20191001,16.50,16.50,16.20,16.30,172110
TVC,20191002,16.20,16.20,16.00,16.10,174400
TVC,20191003,16.10,16.10,16.00,16.10,128405
TVC,20191004,16.10,16.10,16.00,16.00,142200
TVC,20191007,16.00,16.20,16.00,16.10,189200
TVC,20191008,16.10,16.30,16.10,16.20,208202
TVC,20191009,16.20,16.20,15.90,15.90,135830
TVC,20191010,16.00,16.10,15.80,15.80,175600
TVC,20191011,15.80,15.80,15.70,15.80,108110
TVC,20191014,15.80,15.80,15.40,15.80,131820
TVC,20191015,15.90,16.20,15.90,16.20,184100
